Block Chrom StartBP EndBP
1 1 10583 3582736
2 1 3582736 5913893
3 1 5913893 9365199
4 1 9365199 11777841
5 1 11777841 14891511
6 1 14891511 18662899
7 1 18662899 20469149
8 1 20469149 25516845
9 1 25516845 32438685
10 1 32438685 37549183
11 1 37549183 40200567
12 1 40200567 46899501
13 1 46899501 54226262
14 1 54226262 57021728
15 1 57021728 59890409
16 1 59890409 63455089
17 1 63455089 66939404
18 1 66939404 71372470
19 1 71372470 79661198
20 1 79661198 83991748
21 1 83991748 88128631
22 1 88128631 91886317
23 1 91886317 97885249
24 1 97885249 102898745
25 1 102898745 110303931
26 1 110303931 113273306
27 1 113273306 118839067
28 1 118839067 154770403
29 1 154770403 159913048
30 1 159913048 165191702
31 1 165191702 169086324
32 1 169086324 177433381
33 1 177433381 182755356
34 1 182755356 188759945
35 1 188759945 196176201
36 1 196176201 201589975
37 1 201589975 204681068
38 1 204681068 210787750
39 1 210787750 214578266
40 1 214578266 218705513
41 1 218705513 224938520
42 1 224938520 230685255
43 1 230685255 233429284
44 1 233429284 235819436
45 1 235819436 237555628
46 1 237555628 240564091
47 1 240564091 242071602
48 1 242071602 245506746
49 1 245506746 249239466
50 2 10133 3973779
51 2 3973779 6836254
52 2 6836254 10298469
53 2 10298469 12419150
54 2 12419150 16329735
55 2 16329735 19692404
56 2 19692404 23341383
57 2 23341383 29217559
58 2 29217559 31550450
59 2 31550450 36122006
60 2 36122006 40281483
61 2 40281483 44313803
62 2 44313803 47318772
63 2 47318772 52491133
64 2 52491133 58297315
65 2 58297315 65933444
66 2 65933444 69139564
67 2 69139564 75630086
68 2 75630086 80050403
69 2 80050403 88038507
70 2 88038507 105125034
71 2 105125034 108429177
72 2 108429177 116772470
73 2 116772470 123302906
74 2 123302906 129474441
75 2 129474441 135158578
76 2 135158578 141805351
77 2 141805351 147277162
78 2 147277162 154005056
79 2 154005056 159577082
80 2 159577082 167160270
81 2 167160270 171226245
82 2 171226245 175588929
83 2 175588929 181312739
84 2 181312739 191973357
85 2 191973357 198078110
86 2 198078110 205799241
87 2 205799241 209941529
88 2 209941529 218395480
89 2 218395480 222521176
90 2 222521176 228119842
91 2 228119842 231843389
92 2 231843389 235150987
93 2 235150987 237449032
94 2 237449032 243188920
95 3 60157 2992120
96 3 2992120 6083183
97 3 6083183 8648561
98 3 8648561 11019665
99 3 11019665 14816900
100 3 14816900 19125144
101 3 19125144 23804865
102 3 23804865 27840910
103 3 27840910 30717955
104 3 30717955 35283458
105 3 35283458 41064528
106 3 41064528 51832015
107 3 51832015 56433907
108 3 56433907 60272906
109 3 60272906 63669286
110 3 63669286 68286914
111 3 68286914 72529329
112 3 72529329 77508835
113 3 77508835 98215950
114 3 98215950 106982811
115 3 106982811 112815699
116 3 112815699 121974097
117 3 121974097 126214943
118 3 126214943 131836516
119 3 131836516 135456906
120 3 135456906 143164628
121 3 143164628 149043237
122 3 149043237 153256571
123 3 153256571 159477890
124 3 159477890 168580960
125 3 168580960 172295731
126 3 172295731 175116539
127 3 175116539 179374586
128 3 179374586 183769683
129 3 183769683 186890344
130 3 186890344 188856214
131 3 188856214 192343814
132 3 192343814 194786674
133 3 194786674 197946622
134 4 10240 4684116
135 4 4684116 6773043
136 4 6773043 8152235
137 4 8152235 14272001
138 4 14272001 17383322
139 4 17383322 24135529
140 4 24135529 27343722
141 4 27343722 31782981
142 4 31782981 37255047
143 4 37255047 42213058
144 4 42213058 55429556
145 4 55429556 58935008
146 4 58935008 66600492
147 4 66600492 74592390
148 4 74592390 79093979
149 4 79093979 84799656
150 4 84799656 90231564
151 4 90231564 96182188
152 4 96182188 103221356
153 4 103221356 111256567
154 4 111256567 115666246
155 4 115666246 124286481
156 4 124286481 130591885
157 4 130591885 138541971
158 4 138541971 143443265
159 4 143443265 150683580
160 4 150683580 155056126
161 4 155056126 158743718
162 4 158743718 165823448
163 4 165823448 169676825
164 4 169676825 176570716
165 4 176570716 178991910
166 4 178991910 182066807
167 4 182066807 184929455
168 4 184929455 186909090
169 4 186909090 191043594
170 5 11940 3361941
171 5 3361941 5973233
172 5 5973233 9718832
173 5 9718832 13464832
174 5 13464832 16963613
175 5 16963613 22152073
176 5 22152073 26857604
177 5 26857604 33500180
178 5 33500180 36433954
179 5 36433954 41888710
180 5 41888710 55417349
181 5 55417349 58524622
182 5 58524622 67850860
183 5 67850860 73759326
184 5 73759326 77623332
185 5 77623332 82025648
186 5 82025648 87389991
187 5 87389991 95963519
188 5 95963519 104851483
189 5 104851483 110821144
190 5 110821144 115831047
191 5 115831047 120452166
192 5 120452166 125785649
193 5 125785649 134777401
194 5 134777401 142981248
195 5 142981248 148662624
196 5 148662624 152867774
197 5 152867774 158825698
198 5 158825698 162743908
199 5 162743908 166847740
200 5 166847740 169505664
201 5 169505664 172678327
202 5 172678327 175450595
203 5 175450595 178413464
204 5 178413464 180885156
205 6 73924 1452362
206 6 1452362 3573593
207 6 3573593 5791472
208 6 5791472 7808936
209 6 7808936 11790816
210 6 11790816 14802924
211 6 14802924 19207487
212 6 19207487 21684065
213 6 21684065 24852275
214 6 24852275 33236497
215 6 33236497 37572596
216 6 37572596 42038721
217 6 42038721 45406563
218 6 45406563 52210476
219 6 52210476 65765742
220 6 65765742 73450097
221 6 73450097 80691170
222 6 80691170 88822140
223 6 88822140 93428644
224 6 93428644 100630146
225 6 100630146 106056733
226 6 106056733 110304247
227 6 110304247 117672972
228 6 117672972 125424383
229 6 125424383 132765669
230 6 132765669 136224177
231 6 136224177 138822629
232 6 138822629 145319810
233 6 145319810 150253404
234 6 150253404 153094496
235 6 153094496 156763326
236 6 156763326 162169564
237 6 162169564 165586864
238 6 165586864 171051270
239 7 16161 4573428
240 7 4573428 7808752
241 7 7808752 9123423
242 7 9123423 12635461
243 7 12635461 15143657
244 7 15143657 19481547
245 7 19481547 22507629
246 7 22507629 28360309
247 7 28360309 31137289
248 7 31137289 36213538
249 7 36213538 39862670
250 7 39862670 44763828
251 7 44763828 49212278
252 7 49212278 54222976
253 7 54222976 69085364
254 7 69085364 76458564
255 7 76458564 79888069
256 7 79888069 83801203
257 7 83801203 92493752
258 7 92493752 97099570
259 7 97099570 104159525
260 7 104159525 107780178
261 7 107780178 113712387
262 7 113712387 121933630
263 7 121933630 130422414
264 7 130422414 132805848
265 7 132805848 138744679
266 7 138744679 142656310
267 7 142656310 147815318
268 7 147815318 150711505
269 7 150711505 153674019
270 7 153674019 156065250
271 7 156065250 159128575
272 8 10422 2573279
273 8 2573279 4480476
274 8 4480476 7153079
275 8 7153079 13491775
276 8 13491775 17387876
277 8 17387876 19492840
278 8 19492840 22897057
279 8 22897057 26682525
280 8 26682525 31133729
281 8 31133729 38938806
282 8 38938806 53302930
283 8 53302930 59068651
284 8 59068651 65232872
285 8 65232872 70867979
286 8 70867979 73817199
287 8 73817199 81956395
288 8 81956395 90638162
289 8 90638162 96534806
290 8 96534806 101620958
291 8 101620958 104123306
292 8 104123306 111850847
293 8 111850847 119685457
294 8 119685457 124861459
295 8 124861459 128659111
296 8 128659111 133351144
297 8 133351144 136035605
298 8 136035605 140725643
299 8 140725643 146303867
300 9 10023 1916877
301 9 1916877 3190064
302 9 3190064 4884926
303 9 4884926 8456299
304 9 8456299 10879253
305 9 10879253 14836363
306 9 14836363 18661051
307 9 18661051 22206559
308 9 22206559 25330810
309 9 25330810 28224283
310 9 28224283 33578334
311 9 33578334 38641599
312 9 38641599 76203946
313 9 76203946 78900183
314 9 78900183 82590928
315 9 82590928 86938196
316 9 86938196 90136246
317 9 90136246 94167203
318 9 94167203 101592859
319 9 101592859 107581749
320 9 107581749 110695062
321 9 110695062 114831082
322 9 114831082 117921960
323 9 117921960 122260297
324 9 122260297 126971887
325 9 126971887 133223217
326 9 133223217 137041122
327 9 137041122 141144796
328 10 60523 3352699
329 10 3352699 5983762
330 10 5983762 7171484
331 10 7171484 10249396
332 10 10249396 12586797
333 10 12586797 15026068
334 10 15026068 18537267
335 10 18537267 22772283
336 10 22772283 26888684
337 10 26888684 30458838
338 10 30458838 35109355
339 10 35109355 48760450
340 10 48760450 55103572
341 10 55103572 61891409
342 10 61891409 69900148
343 10 69900148 73508512
344 10 73508512 80876749
345 10 80876749 84383745
346 10 84383745 91013381
347 10 91013381 96221243
348 10 96221243 100668400
349 10 100668400 108726686
350 10 108726686 115328432
351 10 115328432 119523934
352 10 119523934 122407323
353 10 122407323 125869346
354 10 125869346 129154362
355 10 129154362 130844284
356 10 130844284 132580245
357 10 132580245 135523865
358 11 70855 3665481
359 11 3665481 6322869
360 11 6322869 8333274
361 11 8333274 12564229
362 11 12564229 17578402
363 11 17578402 21017138
364 11 21017138 24088517
365 11 24088517 28481593
366 11 28481593 33958739
367 11 33958739 37116815
368 11 37116815 44693799
369 11 44693799 62223771
370 11 62223771 69516130
371 11 69516130 74412351
372 11 74412351 80722373
373 11 80722373 86619301
374 11 86619301 93276157
375 11 93276157 97057058
376 11 97057058 101331121
377 11 101331121 107844200
378 11 107844200 112459488
379 11 112459488 116383348
380 11 116383348 120766806
381 11 120766806 123500117
382 11 123500117 127316679
383 11 127316679 130342575
384 11 130342575 133000046
385 11 133000046 134946452
386 12 61107 2544786
387 12 2544786 4417679
388 12 4417679 6419753
389 12 6419753 9031395
390 12 9031395 12733528
391 12 12733528 16310460
392 12 16310460 20863943
393 12 20863943 25371083
394 12 25371083 29651255
395 12 29651255 40816185
396 12 40816185 47714793
397 12 47714793 53039004
398 12 53039004 57548860
399 12 57548860 65559695
400 12 65559695 69826542
401 12 69826542 76511314
402 12 76511314 80448150
403 12 80448150 89682122
404 12 89682122 94514567
405 12 94514567 97108839
406 12 97108839 101447641
407 12 101447641 104848696
408 12 104848696 109025901
409 12 109025901 115036602
410 12 115036602 117087471
411 12 117087471 119754110
412 12 119754110 126445505
413 12 126445505 129237297
414 12 129237297 130377921
415 12 130377921 133841511
416 13 19020013 22242174
417 13 22242174 23594702
418 13 23594702 25784362
419 13 25784362 29257551
420 13 29257551 32301815
421 13 32301815 36046367
422 13 36046367 41069263
423 13 41069263 46495214
424 13 46495214 51591091
425 13 51591091 60854778
426 13 60854778 70724516
427 13 70724516 73934089
428 13 73934089 77410555
429 13 77410555 82581814
430 13 82581814 93129691
431 13 93129691 97519210
432 13 97519210 100574095
433 13 100574095 104066710
434 13 104066710 106247554
435 13 106247554 108189877
436 13 108189877 109815112
437 13 109815112 115109853
438 14 19002084 21589402
439 14 21589402 24905123
440 14 24905123 28466533
441 14 28466533 32383265
442 14 32383265 34846251
443 14 34846251 40341990
444 14 40341990 48573586
445 14 48573586 53474383
446 14 53474383 57481262
447 14 57481262 63790015
448 14 63790015 71131957
449 14 71131957 76444767
450 14 76444767 80186579
451 14 80186579 85746319
452 14 85746319 91296860
453 14 91296860 94325285
454 14 94325285 96262415
455 14 96262415 98341162
456 14 98341162 101534307
457 14 101534307 107289454
458 15 20001200 27298112
459 15 27298112 30165568
460 15 30165568 34015425
461 15 34015425 37456502
462 15 37456502 41177514
463 15 41177514 50008043
464 15 50008043 55136269
465 15 55136269 59694116
466 15 59694116 63215222
467 15 63215222 69017999
468 15 69017999 71922649
469 15 71922649 80860978
470 15 80860978 86652905
471 15 86652905 90475551
472 15 90475551 93780902
473 15 93780902 94924330
474 15 94924330 98030910
475 15 98030910 100636847
476 15 100636847 102520966
477 16 60054 2764829
478 16 2764829 5891580
479 16 5891580 7529121
480 16 7529121 9799419
481 16 9799419 12613098
482 16 12613098 16154060
483 16 16154060 20150571
484 16 20150571 24136875
485 16 24136875 27445755
486 16 27445755 52035823
487 16 52035823 55903774
488 16 55903774 59045405
489 16 59045405 63691589
490 16 63691589 71054028
491 16 71054028 75977954
492 16 75977954 79134815
493 16 79134815 81772536
494 16 81772536 83477208
495 16 83477208 85148685
496 16 85148685 86156599
497 16 86156599 87647349
498 16 87647349 90292812
499 17 56 1172399
500 17 1172399 3702312
501 17 3702312 5741334
502 17 5741334 7317398
503 17 7317398 9965921
504 17 9965921 12534769
505 17 12534769 13894637
506 17 13894637 16412342
507 17 16412342 27334244
508 17 27334244 32912798
509 17 32912798 36809344
510 17 36809344 43056905
511 17 43056905 49898957
512 17 49898957 55357541
513 17 55357541 61545589
514 17 61545589 67858770
515 17 67858770 72672203
516 17 72672203 76263413
517 17 76263413 81194908
518 18 10644 1942911
519 18 1942911 3891658
520 18 3891658 5834180
521 18 5834180 7090485
522 18 7090485 11075913
523 18 11075913 14440799
524 18 14440799 24026191
525 18 24026191 30264066
526 18 30264066 36365490
527 18 36365490 42922106
528 18 42922106 45939732
529 18 45939732 51062185
530 18 51062185 56530220
531 18 56530220 60277715
532 18 60277715 63463402
533 18 63463402 67175820
534 18 67175820 71038474
535 18 71038474 73526987
536 18 73526987 78017158
537 19 80840 2098396
538 19 2098396 4348967
539 19 4348967 6684885
540 19 6684885 8347513
541 19 8347513 13471127
542 19 13471127 15648610
543 19 15648610 18409862
544 19 18409862 29790947
545 19 29790947 32746520
546 19 32746520 36469295
547 19 36469295 42131573
548 19 42131573 46102697
549 19 46102697 49282227
550 19 49282227 51532567
551 19 51532567 54602362
552 19 54602362 55728080
553 19 55728080 59118839
554 20 60479 2469501
555 20 2469501 5477850
556 20 5477850 7084073
557 20 7084073 9730921
558 20 9730921 11249536
559 20 11249536 15958359
560 20 15958359 18972203
561 20 18972203 22491456
562 20 22491456 34960446
563 20 34960446 40585689
564 20 40585689 42680176
565 20 42680176 47199980
566 20 47199980 52472549
567 20 52472549 56447959
568 20 56447959 58406572
569 20 58406572 62965163
570 21 9411243 18053165
571 21 18053165 20962339
572 21 20962339 23362875
573 21 23362875 27271019
574 21 27271019 31197025
575 21 31197025 34376999
576 21 34376999 37870779
577 21 37870779 40482902
578 21 40482902 43321528
579 21 43321528 48119752
580 22 16050408 18296088
581 22 18296088 22357325
582 22 22357325 26791628
583 22 26791628 27834752
584 22 27834752 34494914
585 22 34494914 37570269
586 22 37570269 43714200
587 22 43714200 46470495
588 22 46470495 48903703
589 22 48903703 51243298